## 1.1.1
## assembly	: /home/STUDENTI/sara.mattiolo/SARA-LAB-GENOMIC/02_KmerBased_genomesurvey/03_GenomeAssembly/02_contaminants/Anoste_pol.fasta
## coverage	 bam0 - /home/STUDENTI/sara.mattiolo/SARA-LAB-GENOMIC/02_KmerBased_genomesurvey/03_GenomeAssembly/02_contaminants/Anoste_pol_sorted.bam
## taxonomy	 tax0 - /home/STUDENTI/sara.mattiolo/SARA-LAB-GENOMIC/02_KmerBased_genomesurvey/03_GenomeAssembly/02_contaminants/Anoste_blast.tsv
## nodesDB	: None
## taxrule	: bestsum
## min_score	: 0.0
## min_diff	: 0.0
## tax_collision_random	: False
##
# name	length	GC	N	bam0	phylum.t.6%s	phylum.s.7%s	phylum.c.8
ctg1	32951834	0.446	0	120.8797	Arthropoda	1931930.0	0
ctg2	20402430	0.4672	0	120.6511	Arthropoda	1574321.0	0
ctg3	27487096	0.4485	0	122.3872	Arthropoda	1978460.0	0
ctg4	24424754	0.4512	0	120.4741	Arthropoda	1286495.0	0
ctg5	16691535	0.4602	0	99.0961	Arthropoda	1614611.0	0
ctg6	5999670	0.4448	0	121.789	Arthropoda	775436.0	0
ctg7	5396928	0.5963	0	330.4976	Pseudomonadota	9244600.0	0
ctg8	24470482	0.4462	0	119.8923	Arthropoda	1621019.0	0
ctg9	8452883	0.4702	0	121.7577	Arthropoda	1131593.0	0
ctg10	9570005	0.445	0	121.5055	Arthropoda	1457096.0	0
ctg11	3623178	0.446	0	122.5523	Arthropoda	736778.0	0
ctg12	3723262	0.4445	0	122.3303	Arthropoda	1049597.0	0
ctg13	2979464	0.4371	0	122.9049	Arthropoda	691913.0	0
ctg14	1797177	0.4347	0	127.3239	Arthropoda	263732.0	0
ctg15	1839382	0.4284	0	123.6784	Arthropoda	544283.0	0
ctg16	3016340	0.4461	0	121.3042	Arthropoda	481711.0	0
ctg17	3236412	0.4399	0	119.7455	Arthropoda	547327.0	0
ctg18	2749672	0.4426	0	124.4739	Arthropoda	757441.0	0
ctg19	1318033	0.409	0	103.4704	Arthropoda	212068.0	0
ctg20	1094664	0.4135	0	104.5496	Arthropoda	212987.0	0
ctg21	748775	0.4376	0	129.53	Arthropoda	191726.0	0
ctg22	598918	0.4459	0	116.0781	Arthropoda	408715.0	0
ctg23	883435	0.441	0	142.0453	Arthropoda	314680.0	0
ctg24	649259	0.4049	0	105.808	Arthropoda	266089.0	0
ctg25	320863	0.4314	0	184.4979	Arthropoda	161565.0	0
ctg27	190878	0.4301	0	95.9318	Arthropoda	138634.0	0
ctg28	185523	0.4489	0	147.042	Arthropoda	172147.0	0
ctg29	295891	0.4178	0	109.7144	Arthropoda	214326.0	0
ctg26	317954	0.445	0	417.1955	Arthropoda	160049.0	0
ctg30	149063	0.4576	0	103.355	Arthropoda	134805.0	0
ctg31	487710	0.4257	0	95.0761	Arthropoda	234716.0	0
ctg32	194530	0.4597	0	171.9216	Arthropoda	224491.0	0
ctg33	129689	0.4596	0	278.546	Arthropoda	116763.0	0
ctg34	70895	0.2868	0	786.643	Arthropoda	86943.0	0
ctg35	117923	0.5386	0	230.8408	Pseudomonadota	552728.0	0
ctg36	180285	0.4819	0	810.8988	Arthropoda	117981.0	0
ctg37	104081	0.4034	0	23.7196	Arthropoda	103568.0	0
ctg38	70675	0.2794	0	133.4644	Arthropoda	112755.0	0
ctg39	105571	0.4349	0	81.5767	Arthropoda	144003.0	0
ctg40	111899	0.5165	0	191.1041	Arthropoda	36101.0	0
ctg41	133462	0.4289	0	106.3583	Arthropoda	132120.0	0
ctg44	42160	0.2546	0	161.5963	no-hit	0.0	0
ctg43	98304	0.4252	0	134.4583	Arthropoda	124815.0	0
ctg42	159025	0.4444	0	132.4666	Arthropoda	64452.0	0
ctg45	264245	0.4202	0	108.3233	Arthropoda	171344.0	0
ctg46	108150	0.4879	0	238.7234	Arthropoda	65162.0	0
ctg47	146801	0.4472	0	233.7512	Arthropoda	81969.0	0
ctg48	61649	0.4372	0	127.4333	Arthropoda	44018.0	0
ctg49	128025	0.3913	0	107.7598	Arthropoda	70582.0	0
ctg50	69340	0.4769	0	129.8769	Arthropoda	29672.0	0
ctg51	58290	0.3673	0	782.7869	Arthropoda	50812.0	0
ctg52	164368	0.4473	0	217.9084	Arthropoda	145426.0	0
ctg54	56515	0.4888	0	47.6959	Arthropoda	24795.0	0
ctg53	114306	0.4086	0	109.7882	Arthropoda	112575.0	0
ctg55	96779	0.4396	0	113.3926	Arthropoda	117440.0	0
ctg56	56245	0.3711	0	70.5416	Arthropoda	42727.0	0
ctg57	60031	0.4542	0	330.2641	Arthropoda	140767.0	0
ctg58	79168	0.4124	0	24.5176	Arthropoda	86542.0	0
ctg59	76291	0.4062	0	110.314	Arthropoda	142040.0	0
ctg60	68339	0.349	0	65.5035	Arthropoda	79490.0	0
ctg61	141338	0.4624	0	245.172	Arthropoda	67105.0	0
ctg63	49457	0.3946	0	105.1702	Arthropoda	121188.0	0
ctg62	124851	0.3031	0	174.6418	Arthropoda	130063.0	0
ctg65	68844	0.4329	0	91.77	Arthropoda	84630.0	0
ctg64	59177	0.3851	0	123.8708	Arthropoda	93213.0	0
ctg66	62219	0.38	0	543.9579	Arthropoda	60642.0	0
ctg67	52495	0.4427	0	166.3148	Arthropoda	43595.0	0
ctg68	35262	0.2594	0	113.9644	no-hit	0.0	0
ctg69	74634	0.4	0	79.2353	Arthropoda	122664.0	0
ctg70	56454	0.5026	0	2933.7967	Arthropoda	195735.0	0
ctg71	61864	0.4198	0	205.0132	Arthropoda	68107.0	0
ctg73	54370	0.3772	0	137.3702	Arthropoda	77536.0	0
ctg72	62448	0.4252	0	122.2638	Arthropoda	38182.0	0
ctg74	56777	0.4649	0	853.7678	Arthropoda	478.0	0
ctg75	41535	0.4273	0	73.8065	Arthropoda	21757.0	0
ctg77	47357	0.4555	0	165.1145	Arthropoda	86441.0	0
ctg76	64320	0.4472	0	392.1014	Arthropoda	82280.0	0
ctg79	61870	0.4143	0	113.5116	Arthropoda	80359.0	0
ctg81	51234	0.4783	0	191.5005	Arthropoda	45161.0	0
ctg78	24533	0.2588	0	333.5382	no-hit	0.0	0
ctg83	53250	0.4061	0	27.6033	Arthropoda	71506.0	0
ctg85	51178	0.6021	0	13.761	Pseudomonadota	53955.0	0
ctg84	47400	0.4239	0	69.1246	Arthropoda	109515.0	0
ctg87	50634	0.6058	0	15.7219	Pseudomonadota	27411.0	0
ctg86	96748	0.4028	0	27.7178	Arthropoda	76315.0	0
ctg82	51718	0.4489	0	82.2787	Arthropoda	90537.0	0
ctg90	34921	0.2419	0	9.1354	Arthropoda	9697.0	0
ctg91	35264	0.4467	0	177.8874	Arthropoda	8451.0	0
ctg89	32099	0.2684	0	273.9133	Arthropoda	3754.0	0
ctg88	67687	0.4202	0	107.3033	Arthropoda	137252.0	0
ctg93	37196	0.2532	0	12.241	no-hit	0.0	0
ctg96	47596	0.4642	0	446.7049	Arthropoda	235.0	0
ctg97	47170	0.6013	0	15.3221	Pseudomonadota	21318.0	0
ctg99	45408	0.3759	0	378.564	Arthropoda	37077.0	0
ctg92	109813	0.3776	0	118.7428	Arthropoda	16252.0	0
ctg95	129016	0.4403	0	216.7333	Arthropoda	125422.0	0
ctg80	68999	0.3771	0	63.7393	Arthropoda	73511.0	0
ctg98	67715	0.3573	0	5.4709	Bacteroidota	630171.0	0
ctg102	46710	0.3727	0	6.3867	Bacteroidota	691795.0	0
ctg101	55329	0.4936	0	929.4495	Arthropoda	153955.0	0
ctg100	67741	0.4535	0	79.0314	Arthropoda	52446.0	0
ctg104	45622	0.4144	0	82.1098	Arthropoda	94724.0	0
ctg103	43890	0.5173	0	206.3828	Arthropoda	38128.0	0
ctg105	68057	0.4795	0	125.0616	Arthropoda	132429.0	0
ctg106	33403	0.4368	0	284.065	Arthropoda	112446.0	0
ctg107	49670	0.2819	0	273.9217	Arthropoda	28470.0	0
ctg108	25569	0.2417	0	231.4958	no-hit	0.0	0
ctg112	41864	0.3841	0	54.9207	Arthropoda	161506.0	0
ctg110	32653	0.2715	0	32.2661	Arthropoda	38577.0	0
ctg111	23567	0.3247	0	437.7194	Arthropoda	113316.0	0
ctg113	40981	0.602	0	16.1787	Pseudomonadota	55484.0	0
ctg115	55647	0.2475	0	529.7863	no-hit	0.0	0
ctg114	30487	0.2592	0	71.3621	no-hit	0.0	0
ctg116	28545	0.4335	0	263.8932	Arthropoda	44310.0	0
ctg109	45212	0.4643	0	295.294	Arthropoda	224.0	0
ctg117	89488	0.4581	0	353.8817	Arthropoda	112342.0	0
ctg94	38805	0.4216	0	167.0532	Arthropoda	91182.0	0
ctg118	26181	0.3108	0	598.3446	Arthropoda	33109.0	0
ctg119	86684	0.5978	0	18.3244	Pseudomonadota	125573.0	0
ctg120	19324	0.4522	0	192.3383	Arthropoda	230.0	0
ctg121	23189	0.4509	0	55.4626	Arthropoda	224.0	0
ctg123	41140	0.4272	0	0.7259	Arthropoda	49695.0	0
ctg125	39334	0.4234	0	184.9812	Arthropoda	75910.0	0
ctg124	15200	0.3045	0	315.1407	no-hit	0.0	0
ctg122	38372	0.3389	0	1150.3449	Arthropoda	102507.0	0
ctg127	29840	0.4745	0	385.1608	Arthropoda	235.0	0
ctg130	39712	0.5019	0	22.7523	Arthropoda	58769.0	0
ctg128	42697	0.3237	0	142.9482	Arthropoda	53447.0	0
ctg126	36167	0.2316	0	119.2957	Arthropoda	148.0	0
ctg129	25440	0.3766	0	156.2095	Arthropoda	457.0	0
ctg131	14277	0.2648	0	758.9792	no-hit	0.0	0
ctg134	35316	0.6225	0	15.1237	Pseudomonadota	45738.0	1
ctg135	48045	0.4384	0	58.7659	Arthropoda	64012.0	0
ctg132	37312	0.4195	0	102.3622	Arthropoda	92918.0	0
ctg138	25708	0.3157	0	310.6916	Arthropoda	64855.0	0
ctg137	50460	0.4526	0	489.2133	Arthropoda	19842.0	0
ctg136	97811	0.4581	0	91.7864	Arthropoda	87411.0	0
ctg139	46777	0.4258	0	103.0674	Arthropoda	49808.0	0
ctg143	54685	0.4212	0	46.9996	Arthropoda	52317.0	0
ctg141	36935	0.39	0	46.2282	Arthropoda	51835.0	0
ctg145	35383	0.3522	0	6.4132	Bacteroidota	343117.0	0
ctg133	98805	0.4426	0	202.5873	Arthropoda	210356.0	0
ctg146	44247	0.5074	0	450.0955	Arthropoda	87576.0	0
ctg147	33764	0.5924	0	18.1526	Pseudomonadota	17685.0	0
ctg144	33917	0.4196	0	97.9679	Arthropoda	96960.0	0
ctg140	12324	0.3336	0	71.492	Arthropoda	15416.0	0
ctg148	34519	0.4241	0	219.3276	Arthropoda	33850.0	0
ctg149	25579	0.4555	0	353.552	Arthropoda	230.0	0
ctg150	35126	0.6031	0	8.4592	Pseudomonadota	2235.0	0
ctg151	34427	0.4138	0	114.0877	Arthropoda	31133.0	0
ctg153	21854	0.4467	0	65.2024	Arthropoda	215.0	0
ctg155	35559	0.5945	0	14.4716	Pseudomonadota	120726.0	1
ctg142	64609	0.4806	0	905.3561	Arthropoda	19078.0	0
ctg154	20814	0.3153	0	66.3936	Arthropoda	50055.0	0
ctg160	31440	0.4237	0	61.5253	Arthropoda	63085.0	0
ctg157	20202	0.3361	0	123.0747	Arthropoda	16313.0	0
ctg159	34613	0.3868	0	34.9363	Arthropoda	60973.0	0
ctg161	45909	0.4355	0	103.1871	Arthropoda	99941.0	0
ctg162	43785	0.3947	0	108.8173	Arthropoda	73743.0	0
ctg163	17744	0.278	0	140.8402	Arthropoda	31834.0	0
ctg165	28952	0.2913	0	39.1889	Arthropoda	62655.0	0
ctg156	50974	0.4475	0	108.3799	Arthropoda	129868.0	0
ctg164	31787	0.4377	0	0.0093	Arthropoda	60729.0	0
ctg158	16760	0.4542	0	522.8564	Arthropoda	230.0	0
ctg166	42942	0.4352	0	159.4556	Arthropoda	99346.0	0
ctg168	24159	0.3285	0	145.9699	Arthropoda	29962.0	0
ctg169	32102	0.5994	0	13.8381	Pseudomonadota	44081.0	0
ctg167	20841	0.3751	0	58.0014	no-hit	0.0	0
ctg171	46856	0.4521	0	52.0194	Arthropoda	1731.0	0
ctg152	35607	0.4897	0	21.7425	Arthropoda	10456.0	0
ctg174	32166	0.5809	0	12.7489	Pseudomonadota	19920.0	0
ctg170	39273	0.3645	0	35.4886	Arthropoda	20408.0	0
ctg172	32078	0.2166	0	10306.147	Arthropoda	532087.0	0
ctg175	31118	0.6007	0	12.4324	Pseudomonadota	49326.0	0
ctg173	44694	0.464	0	257.8973	Arthropoda	9136.0	0
ctg177	19132	0.2755	0	6.1119	Arthropoda	32637.0	0
ctg178	56579	0.4295	0	90.7219	Arthropoda	105341.0	0
ctg180	31472	0.4048	0	87.1283	Arthropoda	69325.0	0
ctg176	68827	0.5013	0	387.0383	Arthropoda	59785.0	0
ctg182	24756	0.2985	0	92.2893	Arthropoda	52088.0	0
ctg181	25921	0.4335	0	457.5827	Arthropoda	30303.0	0
ctg183	25690	0.3724	0	268.1945	Arthropoda	74953.0	0
ctg179	14590	0.2752	0	0.2229	no-hit	0.0	0
ctg184	29511	0.3984	0	58.9297	Arthropoda	80962.0	0
ctg185	35218	0.3205	0	193.2646	Arthropoda	36722.0	0
ctg186	70827	0.3023	0	314.6015	Arthropoda	77628.0	0
ctg187	30216	0.3912	0	227.8852	Arthropoda	54670.0	0
ctg191	29172	0.4827	0	797.569	Arthropoda	9677.0	0
ctg190	27731	0.4686	0	220.5111	Arthropoda	4414.0	0
ctg194	21011	0.2994	0	122.4096	Arthropoda	56032.0	0
ctg195	23838	0.2616	0	580.6105	no-hit	0.0	0
ctg196	22308	0.449	0	183.7273	Arthropoda	4338.0	0
ctg189	68943	0.4511	0	49.3303	Arthropoda	68983.0	0
ctg192	39663	0.2715	0	184.5612	no-hit	0.0	0
ctg193	28360	0.4707	0	112.1653	Arthropoda	230.0	0
ctg197	23059	0.3743	0	168.967	Arthropoda	39616.0	0
ctg199	29092	0.3941	0	349.3662	Arthropoda	52286.0	0
ctg201	35205	0.4398	0	54.9707	Arthropoda	6024.0	0
ctg200	16151	0.4527	0	124.6456	Arthropoda	224.0	0
ctg198	27930	0.4617	0	0.1958	Arthropoda	105598.0	0
ctg202	16263	0.4465	0	43.4137	Arthropoda	207.0	0
ctg205	30653	0.4597	0	139.0046	Arthropoda	82494.0	0
ctg203	43260	0.3909	0	1.0252	Arthropoda	24509.0	0
ctg204	33196	0.2335	0	112.5069	Arthropoda	139.0	0
ctg210	28692	0.4522	0	0.2061	Arthropoda	62857.0	0
ctg188	23173	0.3455	0	72.738	Arthropoda	8498.0	0
ctg208	27373	0.4607	0	0.4374	Arthropoda	93157.0	0
ctg209	27316	0.4882	0	0.1299	Arthropoda	97575.0	0
ctg206	39005	0.4571	0	64.5859	Arthropoda	95879.0	0
ctg207	35628	0.4166	0	121.81	Arthropoda	79102.0	0
ctg212	13229	0.2853	0	174.37	Arthropoda	2720.0	0
ctg216	27136	0.3648	0	285.5601	Arthropoda	83157.0	0
ctg214	28412	0.4402	0	86.0643	Arthropoda	77907.0	0
ctg211	15956	0.251	0	79.2053	no-hit	0.0	0
ctg218	27106	0.3715	0	178.8948	Arthropoda	94256.0	0
ctg213	19600	0.2529	0	92.4768	no-hit	0.0	0
ctg217	47488	0.324	0	738.9419	Arthropoda	55658.0	0
ctg215	35552	0.4376	0	127.58	Arthropoda	19767.0	0
ctg219	26227	0.4	0	54.421	Arthropoda	58871.0	0
ctg224	26606	0.4092	0	37.2159	Arthropoda	91077.0	0
ctg222	63282	0.3656	0	120.0544	Arthropoda	46478.0	0
ctg220	17173	0.2757	0	27.6154	Arthropoda	18397.0	0
ctg225	26703	0.4958	0	4236.927	Arthropoda	166513.0	0
ctg226	41606	0.4545	0	130.5372	Arthropoda	1288.0	0
ctg221	21904	0.4125	0	212.7217	Arthropoda	85166.0	0
ctg223	18592	0.2481	0	139.7993	no-hit	0.0	0
ctg228	22047	0.4789	0	264.2529	Arthropoda	10761.0	0
ctg229	25225	0.6357	0	7.0443	Pseudomonadota	257628.0	0
ctg231	25903	0.629	0	5.4445	Pseudomonadota	179792.0	0
ctg227	24096	0.4895	0	340.7651	Arthropoda	41515.0	0
ctg233	18326	0.2817	0	946.9967	Arthropoda	18734.0	0
ctg234	26002	0.401	0	142.4859	Arthropoda	13082.0	0
ctg238	59384	0.4945	0	506.92	Arthropoda	58388.0	0
ctg235	19576	0.5042	0	0.151	Arthropoda	33215.0	0
ctg232	21210	0.5101	0	619.8131	Arthropoda	46337.0	0
ctg236	40941	0.4251	0	46.7997	Arthropoda	76886.0	0
ctg237	25440	0.42	0	2.4057	Arthropoda	7602.0	0
ctg230	15307	0.2783	0	268.6284	Arthropoda	7303.0	0
ctg241	24655	0.4049	0	0.006	Arthropoda	15855.0	0
ctg240	24685	0.429	0	215.9451	Arthropoda	59763.0	0
ctg244	9072	0.4599	0	341.8408	Arthropoda	215.0	0
ctg242	25713	0.3781	0	0.6267	Arthropoda	18069.0	0
ctg245	46417	0.5796	0	11.373	Pseudomonadota	8975.0	0
ctg243	20983	0.3599	0	17.2256	Arthropoda	52904.0	0
ctg239	35413	0.2798	0	129.0367	Arthropoda	8606.0	0
ctg247	24211	0.5937	0	14.8679	Pseudomonadota	32245.0	0
ctg249	17032	0.4566	0	216.3899	Arthropoda	191.0	0
ctg248	43916	0.6005	0	11.2902	Pseudomonadota	25559.0	0
ctg250	35255	0.4834	0	288.0706	Arthropoda	11095.0	0
ctg251	23730	0.6046	0	15.1132	Pseudomonadota	168043.0	0
ctg252	23512	0.6261	0	6.6458	Pseudomonadota	255605.0	0
ctg246	24779	0.4553	0	170.787	Arthropoda	37818.0	0
ctg253	20218	0.4553	0	192.5564	Arthropoda	230.0	0
ctg256	17606	0.3194	0	884.7471	Arthropoda	69643.0	0
ctg254	23519	0.3637	0	6.2793	Bacteroidota	748733.0	0
ctg258	23241	0.4882	0	91.0159	Arthropoda	134222.0	0
ctg261	23434	0.5921	0	14.5597	Pseudomonadota	23385.0	1
ctg259	16452	0.5876	0	31.1439	Arthropoda	1298.0	0
ctg257	22459	0.4246	0	0.0	Arthropoda	62826.0	0
ctg255	15711	0.2593	0	1028.6758	no-hit	0.0	0
ctg263	23615	0.5103	0	681.1202	Arthropoda	47307.0	0
ctg262	16607	0.2965	0	214.9487	Arthropoda	45848.0	0
ctg265	41168	0.2686	0	302.4003	Arthropoda	22923.0	0
ctg268	22810	0.5226	0	4.9774	Pseudomonadota	163664.0	0
ctg264	18623	0.3358	0	179.4156	Arthropoda	71441.0	0
ctg267	19737	0.3816	0	81.3039	Arthropoda	3445.0	0
ctg270	13045	0.4713	0	56.7523	Arthropoda	211.0	0
ctg269	21931	0.4416	0	25.6146	Arthropoda	51535.0	0
ctg271	59145	0.5868	0	9.0705	Pseudomonadota	106907.0	0
ctg266	21449	0.3671	0	2.4743	Arthropoda	24732.0	0
ctg272	16265	0.4548	0	148.6754	Arthropoda	1650.0	0
ctg273	22737	0.5661	0	17.0346	Pseudomonadota	19754.0	1
ctg276	20849	0.5989	0	14.2023	Pseudomonadota	26815.0	0
ctg260	18748	0.3549	0	64.4608	Arthropoda	25930.0	0
ctg275	19488	0.435	0	190.7196	Arthropoda	54321.0	0
ctg277	8941	0.4699	0	644.2456	Arthropoda	230.0	0
ctg278	9172	0.3929	0	4285.0099	Arthropoda	504.0	0
ctg280	22299	0.5	0	455.4101	Arthropoda	31600.0	0
ctg281	22044	0.6251	0	5.385	Pseudomonadota	142843.0	0
ctg283	32552	0.4596	0	147.0263	Arthropoda	51883.0	0
ctg285	21309	0.547	0	6279.4736	Arthropoda	77121.0	0
ctg274	22260	0.406	0	114.5584	Arthropoda	23557.0	0
ctg279	23501	0.2553	0	445.4277	Arthropoda	34021.0	0
ctg286	22147	0.5755	0	8.03	Pseudomonadota	93965.0	0
ctg282	11492	0.4533	0	67.316	Arthropoda	219.0	0
ctg284	22241	0.4617	0	55.7661	Arthropoda	94992.0	0
ctg288	25707	0.4371	0	170.6541	Arthropoda	48262.0	0
ctg291	21102	0.5849	0	4.0282	Pseudomonadota	855127.0	0
ctg290	21685	0.4572	0	550.397	Arthropoda	72681.0	0
ctg289	22264	0.4519	0	101.3842	Arthropoda	54745.0	0
ctg293	21165	0.4323	0	0.007	Arthropoda	61651.0	0
ctg292	22389	0.5768	0	167.3282	Uroviricota	146219.0	0
ctg296	22331	0.283	0	13.4848	no-hit	0.0	0
ctg297	46462	0.6255	0	5.1099	Pseudomonadota	274609.0	0
ctg287	7656	0.2646	0	145.1848	no-hit	0.0	0
ctg295	17260	0.3419	0	291.2065	Arthropoda	25828.0	0
ctg300	54098	0.4851	0	494.9868	Arthropoda	152270.0	0
ctg299	21047	0.257	0	325.1672	no-hit	0.0	0
ctg302	21947	0.5323	0	7.6855	Pseudomonadota	188443.0	0
ctg294	22173	0.4393	0	27.6619	Arthropoda	64216.0	0
ctg301	21034	0.4416	0	0.5131	Arthropoda	23386.0	0
ctg303	21904	0.4029	0	137.8281	Arthropoda	32523.0	0
ctg298	22039	0.4858	0	404.2035	Arthropoda	6035.0	0
ctg305	11605	0.2413	0	251.9545	no-hit	0.0	0
ctg304	17336	0.4152	0	551.7961	Arthropoda	41896.0	0
ctg306	21553	0.3729	0	1.1111	Arthropoda	40482.0	0
ctg307	20009	0.4193	0	1.5367	Arthropoda	42265.0	0
ctg312	20756	0.3507	0	5.7548	Bacteroidota	607128.0	0
ctg309	21498	0.3911	0	90.116	Arthropoda	35246.0	0
ctg311	35525	0.2942	0	113.0084	Arthropoda	28600.0	0
ctg310	12893	0.454	0	336.5018	Arthropoda	231.0	0
ctg314	20791	0.422	0	28.69	Arthropoda	56757.0	0
ctg315	34907	0.3609	0	57.5109	Arthropoda	38494.0	0
ctg316	27760	0.4707	0	591.2725	Arthropoda	231.0	0
ctg317	22206	0.5614	0	13.3544	Pseudomonadota	1245.0	0
ctg308	40554	0.2721	0	48.5148	no-hit	0.0	0
ctg319	20247	0.3526	0	5.2643	Bacteroidota	433478.0	0
ctg321	20341	0.5215	0	6.1048	Pseudomonadota	304251.0	0
ctg318	8216	0.2294	0	59.6826	no-hit	0.0	0
ctg323	20333	0.5688	0	9.8297	Pseudomonadota	60581.0	0
ctg324	20916	0.3564	0	4.7849	Bacteroidota	349401.0	0
ctg322	9793	0.4609	0	317.2166	Arthropoda	230.0	0
ctg326	19541	0.3591	0	6.68	Bacteroidota	414241.0	0
ctg313	19131	0.3988	0	0.0386	Arthropoda	17137.0	0
ctg325	20995	0.4209	0	5.1471	Arthropoda	70858.0	0
ctg327	24540	0.4718	0	246.1365	Arthropoda	224.0	0
ctg330	19832	0.4162	0	31.8291	Arthropoda	11781.0	0
ctg331	19725	0.594	0	11.5041	Pseudomonadota	23667.0	0
ctg332	20158	0.518	0	5.5148	Pseudomonadota	64112.0	0
ctg328	11409	0.2891	0	2252.1771	Arthropoda	7635.0	0
ctg333	34053	0.5405	0	1165.3195	Arthropoda	126879.0	0
ctg335	19802	0.5268	0	6.2262	Pseudomonadota	152740.0	0
ctg334	28860	0.3986	0	0.6915	Arthropoda	25675.0	0
ctg320	13565	0.3251	0	2.1469	Arthropoda	28265.0	0
ctg339	19331	0.3351	0	6.202	Bacteroidota	40930.0	0
ctg336	9239	0.377	0	0.48	no-hit	0.0	0
ctg341	19452	0.4207	0	4.1495	Arthropoda	77806.0	0
ctg342	18632	0.6405	0	5.3635	Pseudomonadota	177888.0	0
ctg340	19693	0.4057	0	5.7427	Arthropoda	30670.0	0
ctg329	11602	0.3235	0	0.1911	no-hit	0.0	0
ctg344	18740	0.4791	0	10.5232	Arthropoda	50095.0	0
ctg338	8423	0.2582	0	400.1224	no-hit	0.0	0
ctg337	32112	0.2755	0	208.2521	Arthropoda	6139.0	0
ctg345	20476	0.4404	0	9.5083	Arthropoda	32472.0	0
ctg349	18632	0.4874	0	0.3332	Arthropoda	23546.0	0
ctg350	15483	0.4673	0	471.5898	Arthropoda	230.0	0
ctg348	9051	0.4565	0	161.2068	Arthropoda	215.0	0
ctg343	6956	0.4263	0	671.101	Arthropoda	338.0	0
ctg347	14916	0.4436	0	17.9684	Arthropoda	5857.0	0
ctg352	18703	0.2549	0	538.6634	no-hit	0.0	0
ctg351	15507	0.4315	0	0.0095	no-hit	0.0	0
ctg355	12964	0.3669	0	99.5151	Arthropoda	78978.0	0
ctg353	14098	0.4294	0	5449.0041	Arthropoda	64132.0	0
ctg354	18466	0.4243	0	0.056	Arthropoda	43562.0	0
ctg356	13964	0.2849	0	1.3339	Arthropoda	4247.0	0
ctg358	18873	0.4568	0	45.0313	Arthropoda	105531.0	0
ctg359	18340	0.6053	0	14.251	Pseudomonadota	540.0	0
ctg360	10371	0.38	0	3.364	no-hit	0.0	0
ctg363	13701	0.4346	0	97.0428	Arthropoda	191.0	0
ctg365	18018	0.4994	0	775.4476	Arthropoda	27040.0	0
ctg367	18332	0.3308	0	80.7453	Arthropoda	243.0	0
ctg366	18018	0.4754	0	83.6867	Arthropoda	26515.0	0
ctg364	18175	0.2725	0	44.2392	no-hit	0.0	0
ctg357	20504	0.4125	0	102.3217	Arthropoda	74284.0	0
ctg368	17611	0.4289	0	218.0055	Arthropoda	46062.0	0
ctg361	9223	0.2728	0	592.8271	no-hit	0.0	0
ctg371	32668	0.3814	0	3.7107	Bacteroidota	484383.0	0
ctg372	18195	0.6058	0	11.5047	Pseudomonadota	15034.0	0
ctg373	17806	0.4171	0	11.9885	Arthropoda	84025.0	0
ctg374	15672	0.4501	0	11.2627	Arthropoda	213.0	0
ctg375	13191	0.4984	0	594.1782	Arthropoda	12517.0	0
ctg377	35871	0.4358	0	0.1278	Arthropoda	39972.0	0
ctg369	6870	0.2687	0	550.3497	no-hit	0.0	0
ctg378	10563	0.463	0	1001.2225	Arthropoda	235.0	0
ctg370	50131	0.454	0	215.6867	Arthropoda	5930.0	0
ctg381	11807	0.257	0	472.3502	no-hit	0.0	0
ctg384	16561	0.6076	0	15.282	Pseudomonadota	17286.0	0
ctg382	10296	0.4027	0	0.0144	Arthropoda	13323.0	0
ctg379	32743	0.4179	0	204.2297	Arthropoda	99447.0	0
ctg362	33707	0.4207	0	212.8092	Arthropoda	65895.0	0
ctg380	12206	0.4399	0	291.4455	Arthropoda	42360.0	0
ctg385	15800	0.5787	0	2.0678	no-hit	0.0	0
ctg386	17208	0.5329	0	5143.8741	Arthropoda	35543.0	0
ctg389	19501	0.4545	0	53.2768	Arthropoda	52930.0	0
ctg390	17089	0.5971	0	13.2873	Pseudomonadota	32299.0	0
ctg388	31173	0.2687	0	206.9944	Arthropoda	6510.0	0
ctg383	26414	0.457	0	361.9974	Arthropoda	66461.0	0
ctg387	7896	0.2628	0	797.6198	no-hit	0.0	0
ctg391	5553	0.3526	0	92.4304	Arthropoda	272.0	0
ctg392	14693	0.3067	0	608.8069	Arthropoda	7661.0	0
ctg396	17034	0.3454	0	5.9622	Bacteroidota	473638.0	0
ctg394	16538	0.472	0	35.6837	Arthropoda	4483.0	0
ctg397	15934	0.5847	0	13.165	Pseudomonadota	28331.0	0
ctg400	17314	0.4964	0	337.8474	Arthropoda	27045.0	0
ctg393	17077	0.394	0	83.511	Arthropoda	29546.0	0
ctg395	36365	0.3654	0	24.8301	Arthropoda	59924.0	0
ctg399	14760	0.2623	0	63.3286	no-hit	0.0	0
ctg398	17231	0.376	0	44.2349	Arthropoda	76486.0	0
ctg402	16820	0.4131	0	47.39	Arthropoda	35660.0	0
ctg404	9451	0.4697	0	502.9133	Arthropoda	230.0	0
ctg403	11820	0.397	0	0.025	no-hit	0.0	0
ctg405	15908	0.4212	0	9.711	Arthropoda	21443.0	0
ctg409	16103	0.6088	0	14.3304	Pseudomonadota	31709.0	0
ctg408	16481	0.4004	0	26.2903	Arthropoda	19859.0	0
ctg410	15340	0.4467	0	0.0	Arthropoda	32389.0	0
ctg376	12586	0.3889	0	0.0	Arthropoda	4060.0	0
ctg412	16348	0.4375	0	0.4973	Arthropoda	29509.0	0
ctg411	4249	0.2306	0	0.174	no-hit	0.0	0
ctg413	14019	0.4744	0	606.1361	Arthropoda	230.0	0
ctg414	15584	0.3613	0	343.5266	Arthropoda	19270.0	0
ctg416	16149	0.6161	0	6.2523	Pseudomonadota	196983.0	0
ctg406	16278	0.4722	0	2.1705	Arthropoda	78260.0	0
ctg407	16052	0.4137	0	145.1409	Arthropoda	32442.0	0
ctg417	15133	0.5926	0	12.5137	Pseudomonadota	12766.0	0
ctg415	15914	0.3584	0	0.1579	Arthropoda	14393.0	0
ctg422	22463	0.5245	0	6009.1689	Arthropoda	143890.0	0
ctg419	15739	0.4096	0	24.9937	Arthropoda	42767.0	0
ctg418	11389	0.4487	0	29.5816	Arthropoda	628.0	0
ctg420	6693	0.4786	0	31.0547	Arthropoda	2175.0	0
ctg421	15177	0.4757	0	37.9876	Arthropoda	23225.0	0
ctg423	15759	0.4775	0	0.0188	Arthropoda	42067.0	0
ctg424	39003	0.5933	0	9.9266	Pseudomonadota	4917.0	0
ctg428	15186	0.5729	0	16.5391	Pseudomonadota	19730.0	0
ctg426	5765	0.391	0	2339.0748	Arthropoda	482.0	0
ctg427	14995	0.3975	0	4.042	Arthropoda	28944.0	0
ctg429	15236	0.4244	0	0.0388	Arthropoda	52665.0	0
ctg425	13234	0.461	0	185.2624	Arthropoda	224.0	0
ctg432	14973	0.4247	0	28.4642	Arthropoda	68027.0	0
ctg434	15330	0.5289	0	9.431	Arthropoda	23386.0	0
ctg430	25660	0.2535	0	45.2478	no-hit	0.0	0
ctg436	15002	0.4364	0	0.0	Arthropoda	33817.0	0
ctg435	11314	0.3635	0	88.9672	Arthropoda	76585.0	0
ctg437	15132	0.4103	0	0.0	Arthropoda	29083.0	0
ctg431	15062	0.4929	0	429.357	Arthropoda	13211.0	0
ctg439	8674	0.4519	0	139.854	Arthropoda	233.0	0
ctg433	8642	0.4402	0	64.3528	Arthropoda	39826.0	0
ctg440	12632	0.4827	0	298.8434	Arthropoda	1123.0	0
ctg442	14907	0.4329	0	17.3842	Arthropoda	28113.0	0
ctg438	11431	0.2352	0	229.8602	Arthropoda	5247.0	0
ctg346	8911	0.4493	0	0.1659	no-hit	0.0	0
ctg443	5361	0.4928	0	471.093	Arthropoda	4826.0	0
ctg441	8581	0.2622	0	417.7695	no-hit	0.0	0
ctg446	13394	0.6215	0	0.2318	Pseudomonadota	42006.0	0
ctg444	9371	0.3658	0	0.0	Arthropoda	11475.0	0
ctg447	14037	0.4592	0	82.9037	Arthropoda	37519.0	0
ctg450	14411	0.5009	0	4.093	Pseudomonadota	131608.0	0
ctg449	14839	0.4781	0	0.0	Arthropoda	113786.0	0
ctg452	14598	0.4953	0	5.6608	Pseudomonadota	129979.0	0
ctg454	14308	0.4366	0	0.9919	Pseudomonadota	21048.0	1
ctg445	14934	0.5323	0	6538.8142	Arthropoda	51811.0	0
ctg451	14801	0.4396	0	0.01	Arthropoda	54116.0	0
ctg448	15184	0.3357	0	54.414	Arthropoda	29195.0	0
ctg455	14652	0.459	0	0.0202	Arthropoda	36851.0	0
ctg453	12797	0.4315	0	165.0771	Arthropoda	2477.0	0
ctg457	7318	0.248	0	268.1668	no-hit	0.0	0
ctg456	14215	0.4976	0	426.9862	Arthropoda	33549.0	0
ctg458	7241	0.2284	0	264.1384	Arthropoda	145.0	0
ctg459	4745	0.2204	0	3.3647	no-hit	0.0	0
ctg460	24959	0.4399	0	41.5197	Arthropoda	41376.0	0
ctg462	10560	0.4847	0	255.2029	Arthropoda	30844.0	0
ctg464	13807	0.4281	0	127.3264	Arthropoda	43557.0	0
ctg469	13768	0.364	0	4.9069	Bacteroidota	400573.0	0
ctg463	7128	0.3359	0	0.0622	no-hit	0.0	0
ctg461	13775	0.3726	0	192.0664	Arthropoda	17535.0	0
ctg468	10493	0.3359	0	364.7218	Arthropoda	71017.0	0
ctg465	13219	0.4468	0	26.4593	Arthropoda	62001.0	0
ctg471	13905	0.6179	0	14.278	Pseudomonadota	11256.0	0
ctg472	12997	0.5045	0	2.2748	Pseudomonadota	62274.0	0
ctg470	6468	0.2556	0	1190.5031	no-hit	0.0	0
ctg466	14012	0.4275	0	156.0804	Arthropoda	27496.0	0
ctg475	14267	0.5968	0	14.8483	Pseudomonadota	7879.0	0
ctg467	6032	0.4889	0	689.8901	Arthropoda	5988.0	0
ctg474	6967	0.3307	0	0.0849	no-hit	0.0	0
ctg477	14175	0.3417	0	4.8077	Bacteroidota	311009.0	0
ctg480	11480	0.3689	0	103.5455	Arthropoda	68409.0	0
ctg476	6740	0.2893	0	0.2413	no-hit	0.0	0
ctg482	13388	0.5457	0	2.6832	Pseudomonadota	318321.0	0
ctg479	8114	0.2615	0	776.6455	no-hit	0.0	0
ctg483	13328	0.3957	0	7.0987	Arthropoda	26348.0	0
ctg481	13006	0.4846	0	1301.9756	Arthropoda	8614.0	0
ctg484	13760	0.3983	0	67.9739	Arthropoda	35746.0	0
ctg486	18712	0.468	0	222.4562	Arthropoda	15687.0	0
ctg473	22387	0.2664	0	200.2346	no-hit	0.0	0
ctg485	11983	0.3184	0	67.5925	Arthropoda	22999.0	0
ctg487	13016	0.3982	0	161.198	Arthropoda	22008.0	0
ctg488	13023	0.3204	0	4.9719	Arthropoda	4712.0	0
ctg491	6975	0.2632	0	46.9241	no-hit	0.0	0
ctg489	31760	0.4636	0	160.4673	Arthropoda	230.0	0
ctg494	13523	0.3642	0	5.0614	Bacteroidota	403626.0	0
ctg490	12819	0.4254	0	29.0494	Arthropoda	43310.0	0
ctg478	33516	0.3778	0	69.8307	Arthropoda	81227.0	0
ctg496	12667	0.453	0	1.0387	Arthropoda	25256.0	0
ctg492	10079	0.454	0	0.0	Arthropoda	13275.0	0
ctg493	5097	0.2364	0	12.5294	no-hit	0.0	0
ctg497	7975	0.3194	0	0.8527	no-hit	0.0	0
ctg499	12979	0.3783	0	349.5688	Arthropoda	4964.0	0
ctg498	12464	0.4735	0	163.83	Arthropoda	21751.0	0
ctg495	11584	0.4511	0	301.6709	Arthropoda	9673.0	0
ctg501	6201	0.4482	0	186.7365	Arthropoda	213.0	0
ctg502	9952	0.4553	0	169.3837	Arthropoda	224.0	0
ctg500	13177	0.3939	0	227.9435	Arthropoda	50410.0	0
ctg503	13155	0.583	0	144.4476	Uroviricota	22401.0	0
ctg504	12932	0.4422	0	0.0114	Arthropoda	27681.0	0
ctg506	12458	0.4177	0	8.5319	Arthropoda	5489.0	0
ctg509	12981	0.2598	0	87.3474	no-hit	0.0	0
ctg508	8990	0.2683	0	65.3643	no-hit	0.0	0
ctg507	12717	0.4945	0	802.3419	Arthropoda	4160.0	0
ctg511	12611	0.6342	0	6.1894	Pseudomonadota	202431.0	0
ctg512	12104	0.6075	0	0.0122	Pseudomonadota	349853.0	0
ctg514	12481	0.4512	0	0.2724	Arthropoda	27724.0	0
ctg516	12683	0.491	0	717.8204	Arthropoda	5970.0	0
ctg510	8998	0.3501	0	0.575	no-hit	0.0	0
ctg513	7908	0.4628	0	53.4828	Arthropoda	207.0	0
ctg515	11651	0.4162	0	168.9179	Arthropoda	51078.0	0
ctg520	12569	0.3584	0	6.4806	Bacteroidota	439206.0	0
ctg519	12556	0.634	0	5.5336	Pseudomonadota	172785.0	0
ctg518	25704	0.4278	0	17.1042	Arthropoda	26483.0	0
ctg522	12196	0.3487	0	0.1939	Arthropoda	9126.0	0
ctg517	27839	0.4091	0	22.9612	Arthropoda	32322.0	0
ctg521	9506	0.2671	0	635.5015	no-hit	0.0	0
ctg526	12705	0.3536	0	5.4222	Bacteroidota	232198.0	0
ctg523	12768	0.4418	0	0.0	Arthropoda	10437.0	0
ctg524	23462	0.3713	0	869.9179	Arthropoda	483.0	0
ctg527	12720	0.4115	0	2.3011	Arthropoda	20055.0	0
ctg530	13959	0.3032	0	151.3143	Arthropoda	33666.0	0
ctg525	12770	0.4927	0	800.0885	Arthropoda	6043.0	0
ctg529	7549	0.4583	0	457.6486	Arthropoda	226.0	0
ctg505	9841	0.2585	0	1665.1729	no-hit	0.0	0
ctg528	43110	0.5023	0	435.6444	Arthropoda	41853.0	0
ctg532	10193	0.4392	0	71.1812	Arthropoda	2571.0	0
ctg533	11051	0.5257	0	1670.2487	Arthropoda	42477.0	0
ctg535	6393	0.4539	0	171.8788	Arthropoda	230.0	0
ctg537	10145	0.3978	0	205.301	Arthropoda	90500.0	0
ctg539	4650	0.209	0	0.2861	no-hit	0.0	0
ctg536	11219	0.3907	0	3218.8723	Arthropoda	133963.0	0
ctg541	11324	0.6065	0	15.2347	Pseudomonadota	2698.0	0
ctg531	19736	0.392	0	122.4152	Arthropoda	46769.0	0
ctg542	11228	0.4154	0	4.4502	Arthropoda	22945.0	0
ctg543	11901	0.4414	0	4.447	Arthropoda	18898.0	0
ctg538	20667	0.4087	0	0.0	Arthropoda	15200.0	0
ctg534	36410	0.431	0	56.0869	Arthropoda	62094.0	0
ctg401	47338	0.4572	0	0.05	unresolved	5154.0	4
ctg545	12049	0.6274	0	4.6132	Pseudomonadota	2397.0	0
ctg544	7424	0.3636	0	0.2389	no-hit	0.0	0
ctg547	12142	0.4302	0	0.0244	Arthropoda	26873.0	0
ctg548	12240	0.4173	0	8.4664	Arthropoda	59805.0	0
ctg546	12175	0.4899	0	315.8647	Arthropoda	26381.0	0
ctg549	4947	0.3899	0	151.0574	Arthropoda	480.0	0
ctg551	11501	0.3983	0	181.391	Arthropoda	25319.0	0
ctg552	5540	0.4652	0	146.3625	Arthropoda	219.0	0
ctg554	11582	0.4903	0	113.3679	Arthropoda	25016.0	0
ctg553	5270	0.4584	0	100.2271	Arthropoda	198.0	0
ctg555	10971	0.4699	0	2.9105	Arthropoda	35816.0	0
ctg556	14864	0.466	0	351.2457	Arthropoda	224.0	0
ctg558	11296	0.4733	0	0.0	Arthropoda	43663.0	0
ctg559	11438	0.6128	0	14.1911	Pseudomonadota	14717.0	0
ctg560	10740	0.4264	0	2.0096	Arthropoda	15537.0	0
ctg561	11591	0.4503	0	8.3155	Arthropoda	23397.0	0
ctg562	21105	0.4599	0	256.9953	Arthropoda	230.0	0
ctg563	2090	0.4507	0	46.8247	Arthropoda	213.0	0
ctg565	8352	0.3665	0	0.1062	no-hit	0.0	0
ctg566	11283	0.4174	0	0.0	Arthropoda	11792.0	0
ctg564	9899	0.458	0	0.0	Arthropoda	12547.0	0
ctg557	47854	0.3573	0	0.0031	no-hit	0.0	0
ctg540	20852	0.4225	0	0.0	no-hit	0.0	0
ctg569	6410	0.4598	0	722.6147	Arthropoda	231.0	0
ctg571	11584	0.3755	0	0.268	Arthropoda	6505.0	0
ctg570	10910	0.6117	0	9.7966	Pseudomonadota	37969.0	0
ctg573	11118	0.3672	0	6.4222	Bacteroidota	368576.0	0
ctg567	10811	0.4776	0	4.3894	Arthropoda	40354.0	0
ctg575	11137	0.5355	0	5.0042	Pseudomonadota	79048.0	0
ctg576	10714	0.5707	0	12.9148	Pseudomonadota	11160.0	0
ctg577	11050	0.4008	0	18.3283	Arthropoda	30176.0	0
ctg579	10955	0.4254	0	1.0256	Arthropoda	19621.0	0
ctg574	7559	0.2709	0	3013.1604	no-hit	0.0	0
ctg580	10847	0.4223	0	5.3697	Arthropoda	13385.0	0
ctg578	5618	0.4498	0	4.8154	Arthropoda	189.0	0
ctg581	10995	0.3871	0	6.7764	Bacteroidota	224444.0	0
ctg582	10638	0.5285	0	3.8771	Pseudomonadota	59752.0	0
ctg584	10198	0.4539	0	0.4059	Arthropoda	40449.0	0
ctg583	10727	0.4136	0	0.0	Arthropoda	16260.0	0
ctg587	8177	0.4474	0	1.4825	Arthropoda	209.0	0
ctg588	10745	0.4735	0	0.5916	Arthropoda	13823.0	0
ctg585	10898	0.4527	0	298.0883	Arthropoda	230.0	0
ctg593	9317	0.3268	0	197.6516	no-hit	0.0	0
ctg586	10119	0.3737	0	50.8399	Arthropoda	38806.0	0
ctg591	10837	0.4162	0	40.8146	Arthropoda	23420.0	0
ctg594	11380	0.3554	0	6.755	Bacteroidota	293767.0	0
ctg596	21172	0.2541	0	447.0303	no-hit	0.0	0
ctg590	10516	0.4297	0	327.9928	Arthropoda	23234.0	0
ctg595	6979	0.2532	0	816.1052	no-hit	0.0	0
ctg592	7350	0.4626	0	372.21	Arthropoda	230.0	0
ctg598	8862	0.454	0	95.4173	Arthropoda	213.0	0
ctg600	11063	0.5423	0	4996.6788	Arthropoda	42764.0	0
ctg589	17741	0.4219	0	55.7206	Arthropoda	10266.0	0
ctg599	9879	0.404	0	0.2394	Arthropoda	14226.0	0
ctg601	23797	0.3269	0	652.0378	Arthropoda	12177.0	0
ctg597	4855	0.2538	0	291.3973	Arthropoda	135.0	0
ctg603	10117	0.5242	0	6.2832	Pseudomonadota	108391.0	0
ctg605	4018	0.2534	0	3.4584	no-hit	0.0	0
ctg606	9826	0.3656	0	7.1613	Bacteroidota	145267.0	0
ctg607	9841	0.5357	0	6.0538	Pseudomonadota	83043.0	0
ctg604	9917	0.4303	0	122.2203	Arthropoda	21965.0	0
ctg608	9811	0.4292	0	64.3545	Arthropoda	62240.0	0
ctg610	9809	0.6029	0	17.1054	Pseudomonadota	5328.0	0
ctg611	9663	0.354	0	0.0765	Arthropoda	8364.0	0
ctg613	9799	0.6399	0	5.2651	Pseudomonadota	127586.0	0
ctg612	10192	0.3822	0	0.7252	Arthropoda	14416.0	0
ctg615	10005	0.3649	0	10.6384	Arthropoda	35459.0	0
ctg616	9940	0.443	0	0.6098	Arthropoda	103445.0	0
ctg614	10323	0.4099	0	103.809	Arthropoda	73888.0	0
ctg618	9373	0.3539	0	8.9742	Arthropoda	39088.0	0
ctg619	33337	0.2529	0	1275.3378	no-hit	0.0	0
ctg620	5043	0.4676	0	515.9836	Arthropoda	230.0	0
ctg621	9537	0.3449	0	5.6578	Arthropoda	9241.0	0
ctg622	9317	0.3406	0	362.7605	Arthropoda	14024.0	0
ctg623	20420	0.2936	0	99.5138	Arthropoda	56786.0	0
ctg624	9872	0.4877	0	618.1401	Arthropoda	5964.0	0
ctg602	44791	0.4646	0	568.3889	Arthropoda	51069.0	0
ctg626	9709	0.4385	0	0.0761	Arthropoda	41735.0	0
ctg627	9932	0.4369	0	0.9228	Arthropoda	32140.0	0
ctg625	10663	0.4834	0	0.0832	Arthropoda	20661.0	0
ctg628	9927	0.507	0	4.125	Pseudomonadota	66028.0	0
ctg629	8860	0.5151	0	0.9344	Pseudomonadota	35794.0	0
ctg630	9395	0.5156	0	4278.0096	Arthropoda	29925.0	0
ctg631	9436	0.3718	0	24.8942	Arthropoda	16333.0	0
ctg635	9320	0.4214	0	9.9452	Arthropoda	20193.0	0
ctg637	2112	0.2116	0	0.14	no-hit	0.0	0
ctg634	9281	0.3975	0	2.6282	Arthropoda	19115.0	0
ctg632	5229	0.2838	0	381.8025	no-hit	0.0	0
ctg638	8609	0.425	0	0.0	Arthropoda	203558.0	0
ctg633	9391	0.5606	0	2474.2455	Arthropoda	33785.0	0
ctg639	14720	0.4559	0	46.227	Arthropoda	217.0	0
ctg636	9036	0.4532	0	68.4998	Arthropoda	11409.0	0
ctg640	4907	0.2586	0	155.0002	no-hit	0.0	0
ctg641	5527	0.2538	0	100.916	no-hit	0.0	0
ctg643	8734	0.49	0	0.0	Arthropoda	52165.0	0
ctg645	8711	0.6229	0	4.7857	Pseudomonadota	141927.0	0
ctg644	8249	0.4084	0	0.0	Arthropoda	15039.0	0
ctg647	11871	0.2569	0	127.1082	no-hit	0.0	0
ctg642	7616	0.3915	0	0.0	Arthropoda	6678.0	0
ctg648	8628	0.5699	0	1708.6473	Arthropoda	30300.0	0
ctg652	9089	0.4909	0	2168.9664	Arthropoda	7912.0	0
ctg649	8175	0.472	0	569.7652	Arthropoda	230.0	0
ctg653	34008	0.4627	0	177.8586	Arthropoda	231.0	0
ctg646	37242	0.435	0	41.6514	Arthropoda	51643.0	0
ctg651	19671	0.4964	0	352.2717	Arthropoda	56113.0	0
ctg654	5520	0.3832	0	585.3751	Arthropoda	467.0	0
ctg655	7603	0.2892	0	77.483	Arthropoda	3495.0	0
ctg656	9216	0.3844	0	51.6828	Arthropoda	33739.0	0
ctg659	8845	0.6137	0	5.3149	Pseudomonadota	105471.0	0
ctg660	29475	0.4904	0	632.3868	Arthropoda	6050.0	0
ctg661	7166	0.4372	0	0.0	Arthropoda	11135.0	0
ctg662	8822	0.4093	0	0.0	Arthropoda	7986.0	0
ctg663	7997	0.4159	0	0.037	Arthropoda	1830.0	0
ctg665	7951	0.4125	0	0.0372	Arthropoda	14051.0	0
ctg666	8144	0.4364	0	387.691	Arthropoda	42774.0	0
ctg667	23080	0.395	0	118.9046	Arthropoda	35005.0	0
ctg664	5966	0.5044	0	0.0	Arthropoda	12944.0	0
ctg670	8244	0.3788	0	10.6336	Arthropoda	37040.0	0
ctg669	7741	0.3671	0	0.0955	Arthropoda	5846.0	0
ctg671	7490	0.4167	0	0.0	Arthropoda	22735.0	0
ctg672	7728	0.4199	0	0.0	Arthropoda	11555.0	0
ctg668	7298	0.2858	0	0.2633	no-hit	0.0	0
ctg658	45735	0.4069	0	164.7125	Arthropoda	3366.0	0
ctg674	8074	0.4363	0	0.0549	Arthropoda	17987.0	0
ctg568	8693	0.4446	0	0.0	no-hit	0.0	0
ctg675	7828	0.4221	0	0.4344	Arthropoda	44333.0	0
ctg677	7927	0.466	0	0.0	Arthropoda	13727.0	0
ctg676	5892	0.456	0	533.6887	Arthropoda	219.0	0
ctg680	7988	0.5194	0	5.8851	Pseudomonadota	96016.0	0
ctg678	8050	0.4368	0	47.324	Arthropoda	64528.0	0
ctg673	36480	0.438	0	49.7711	Arthropoda	224.0	0
ctg681	7784	0.4888	0	1551.3424	Arthropoda	8554.0	0
ctg683	7881	0.4775	0	0.0188	Arthropoda	9786.0	0
ctg684	7688	0.3266	0	7.23	Bacteroidota	133424.0	0
ctg685	7561	0.5147	0	0.0587	Arthropoda	37789.0	0
ctg686	3958	0.2289	0	154.7398	no-hit	0.0	0
ctg687	7937	0.376	0	6.016	Bacteroidota	200621.0	0
ctg682	7221	0.4161	0	0.0	Arthropoda	8087.0	0
ctg688	8199	0.3255	0	209.8362	Arthropoda	12585.0	0
ctg689	8119	0.6184	0	10.4331	Pseudomonadota	717.0	0
ctg691	8031	0.547	0	5.3382	Pseudomonadota	73675.0	0
ctg692	7956	0.5036	0	4.7196	Pseudomonadota	6248.0	0
ctg690	7890	0.4674	0	3.3163	Arthropoda	20812.0	0
ctg617	9276	0.5713	0	0.0	no-hit	0.0	0
ctg695	7352	0.4969	0	337.0615	Arthropoda	23104.0	0
ctg693	4607	0.2542	0	207.1611	no-hit	0.0	0
ctg694	5059	0.3534	0	0.0584	no-hit	0.0	0
ctg697	7772	0.4315	0	0.0	Arthropoda	12565.0	0
ctg679	9704	0.2437	0	298.6003	no-hit	0.0	0
ctg696	26515	0.3229	0	130.2343	Arthropoda	537.0	0
ctg700	6953	0.3624	0	0.0	Arthropoda	17006.0	0
ctg703	7827	0.4759	0	2.852	Arthropoda	32968.0	0
ctg699	7656	0.4979	0	727.623	Arthropoda	25339.0	0
ctg701	20596	0.264	0	114.4111	no-hit	0.0	0
ctg657	5351	0.459	0	0.0	no-hit	0.0	0
ctg705	7081	0.531	0	0.7516	Arthropoda	36579.0	0
ctg704	7248	0.4745	0	14.7463	Arthropoda	38756.0	0
ctg707	6455	0.4909	0	598.6489	Arthropoda	2179.0	0
ctg708	6815	0.4477	0	0.0	Arthropoda	11148.0	0
ctg711	6797	0.3883	0	43.6726	Arthropoda	16291.0	0
ctg714	1440	0.2153	0	0.8213	no-hit	0.0	0
ctg702	5010	0.3265	0	1208.4594	Arthropoda	9646.0	0
ctg709	6856	0.4656	0	20.5056	Arthropoda	40323.0	0
ctg716	7533	0.4086	0	60.5803	Arthropoda	4406.0	0
ctg715	7601	0.7819	0	0.0389	Arthropoda	47260.0	0
ctg706	23082	0.4085	0	0.032	Arthropoda	31814.0	0
ctg698	8087	0.4285	0	37.5471	Arthropoda	21341.0	0
ctg717	6918	0.4329	0	0.6624	Arthropoda	25286.0	0
ctg712	6747	0.4	0	128.3517	Arthropoda	42163.0	0
ctg720	7070	0.4035	0	0.0209	Arthropoda	5143.0	0
ctg718	6754	0.4217	0	7.42	Arthropoda	7673.0	0
ctg713	4835	0.2558	0	362.5889	no-hit	0.0	0
ctg719	5005	0.2478	0	509.593	no-hit	0.0	0
ctg723	6933	0.4008	0	0.0	Arthropoda	11456.0	0
ctg710	2269	0.3182	0	0.2606	Arthropoda	3093.0	0
ctg724	6660	0.3104	0	2.5748	Bacteroidota	58236.0	0
ctg721	3858	0.4583	0	119.245	Arthropoda	213.0	0
ctg728	6899	0.4937	0	6.0641	Pseudomonadota	224.0	0
ctg725	4649	0.4532	0	117.1766	Arthropoda	215.0	0
ctg727	6484	0.6155	0	0.0	Pseudomonadota	132320.0	0
ctg730	6708	0.6664	0	7.4047	Pseudomonadota	14275.0	0
ctg726	6976	0.47	0	65.3962	Arthropoda	51877.0	0
ctg729	18947	0.5246	0	265.8944	Arthropoda	15376.0	0
ctg733	6705	0.4185	0	0.3087	Arthropoda	18829.0	0
ctg735	16595	0.4055	0	0.0	Arthropoda	680.0	0
ctg736	4990	0.4685	0	55.4881	Arthropoda	206.0	0
ctg734	11913	0.3946	0	65.5079	Arthropoda	30545.0	0
ctg731	5201	0.3121	0	0.0284	no-hit	0.0	0
ctg737	4479	0.3179	0	173.1451	no-hit	0.0	0
ctg738	6551	0.4375	0	0.0226	Arthropoda	27336.0	0
ctg740	6617	0.3299	0	20.4867	Arthropoda	7440.0	0
ctg739	6910	0.3884	0	4.0434	Arthropoda	12359.0	0
ctg742	3992	0.2791	0	1.5924	no-hit	0.0	0
ctg741	10134	0.4997	0	127.4367	Arthropoda	27478.0	0
ctg744	6789	0.4328	0	14.0013	Arthropoda	18330.0	0
ctg743	7255	0.2753	0	182.9792	no-hit	0.0	0
ctg745	5966	0.4574	0	15.2637	Arthropoda	15665.0	0
ctg747	6740	0.5488	0	0.0	Arthropoda	47702.0	0
ctg748	6851	0.4055	0	4.7471	Arthropoda	24028.0	0
ctg751	6034	0.4365	0	0.6125	Arthropoda	48376.0	0
ctg752	5947	0.4301	0	17.848	Arthropoda	40638.0	0
ctg753	5850	0.4219	0	0.278	Arthropoda	14838.0	0
ctg750	34398	0.4484	0	43.2772	Arthropoda	30175.0	0
ctg755	6755	0.4934	0	5.9745	Arthropoda	34752.0	0
ctg746	3840	0.3461	0	0.0	no-hit	0.0	0
ctg756	6148	0.4606	0	0.0962	Arthropoda	13772.0	0
ctg749	5929	0.4625	0	0.0	Arthropoda	10681.0	0
ctg757	4132	0.2287	0	91.4457	no-hit	0.0	0
ctg754	31993	0.2573	0	568.106	no-hit	0.0	0
ctg758	15214	0.5097	0	1.5158	Arthropoda	57790.0	0
ctg759	5863	0.4411	0	3.9082	Arthropoda	21495.0	0
ctg761	6006	0.4267	0	7.901	Arthropoda	47991.0	0
ctg722	4282	0.2842	0	0.0	no-hit	0.0	0
ctg760	6246	0.4848	0	1633.3262	Arthropoda	9505.0	0
ctg762	5755	0.4412	0	0.7192	Arthropoda	25979.0	0
ctg766	5752	0.5037	0	424.2405	Arthropoda	25810.0	0
ctg763	2574	0.27	0	1164.8943	no-hit	0.0	0
ctg767	2693	0.4616	0	624.1471	Arthropoda	224.0	0
ctg732	41157	0.3839	0	2136.3366	Arthropoda	498.0	0
ctg769	4554	0.2675	0	3560.063	no-hit	0.0	0
ctg771	5927	0.4085	0	0.0	Arthropoda	13259.0	0
ctg765	5418	0.5731	0	0.0	no-hit	0.0	0
ctg770	5930	0.501	0	648.6326	Arthropoda	26472.0	0
ctg764	5938	0.4522	0	246.3669	Arthropoda	174.0	0
ctg768	3747	0.2535	0	954.0111	no-hit	0.0	0
ctg772	5925	0.4815	0	2.8194	Arthropoda	13861.0	0
ctg775	6064	0.6098	0	15.8459	Pseudomonadota	23626.0	0
ctg776	5869	0.2796	0	3.4256	Bacteroidota	73131.0	0
ctg778	5563	0.4507	0	0.0531	Arthropoda	21075.0	0
ctg773	6085	0.4342	0	120.0133	Arthropoda	63475.0	0
ctg777	4114	0.4516	0	127.6714	Arthropoda	213.0	0
ctg774	2108	0.2358	0	262.8402	no-hit	0.0	0
ctg781	4745	0.4362	0	2665.8643	Arthropoda	141.0	0
ctg780	5298	0.4543	0	9.5986	Arthropoda	19118.0	0
ctg779	3677	0.3166	0	0.3216	no-hit	0.0	0
ctg784	5441	0.3608	0	5.1351	Bacteroidota	41277.0	2
ctg786	3887	0.4597	0	102.0777	no-hit	0.0	0
ctg787	39849	0.4105	0	2.9159	Arthropoda	56708.0	0
ctg785	3951	0.3063	0	501.8591	Arthropoda	5781.0	0
ctg790	4986	0.415	0	0.3261	Arthropoda	116953.0	0
ctg783	3767	0.3762	0	2576.9608	Arthropoda	473.0	0
ctg791	6012	0.4238	0	0.1229	Arthropoda	7409.0	0
ctg788	3023	0.2607	0	30.3191	no-hit	0.0	0
ctg789	5506	0.3747	0	25.9092	Arthropoda	32526.0	0
ctg792	7145	0.4903	0	213.9347	Arthropoda	20985.0	0
ctg796	5303	0.3888	0	24.9775	Arthropoda	26323.0	0
ctg798	5391	0.4563	0	0.0548	Arthropoda	31713.0	0
ctg800	5131	0.4202	0	0.2881	Arthropoda	25577.0	0
ctg793	6556	0.4347	0	782.6021	Arthropoda	145.0	0
ctg794	4873	0.5323	0	203.5887	Arthropoda	15702.0	0
ctg799	2969	0.4439	0	9.7093	Arthropoda	167.0	0
ctg797	5632	0.4421	0	33.4403	Arthropoda	22693.0	0
ctg802	2883	0.4634	0	2544.2878	Arthropoda	226.0	0
ctg801	23838	0.2605	0	261.1678	no-hit	0.0	0
ctg795	4308	0.438	0	0.0	Arthropoda	3258.0	0
ctg804	4970	0.3169	0	1.0113	Arthropoda	27999.0	0
ctg803	4943	0.4469	0	1.7346	Arthropoda	24299.0	0
ctg807	5461	0.4362	0	94.6373	Arthropoda	11136.0	0
ctg809	4896	0.4894	0	684.4691	Arthropoda	8785.0	0
ctg805	4913	0.4692	0	117.6503	Arthropoda	37584.0	0
ctg812	4798	0.4531	0	0.0	no-hit	0.0	0
ctg811	5092	0.4845	0	1243.4915	Arthropoda	6923.0	0
ctg806	14495	0.4017	0	135.6733	Arthropoda	53700.0	0
ctg808	4223	0.2524	0	0.4901	no-hit	0.0	0
ctg816	4785	0.559	0	3.1512	Arthropoda	52378.0	0
ctg810	3507	0.2803	0	0.2529	no-hit	0.0	0
ctg813	3050	0.4082	0	0.0485	no-hit	0.0	0
ctg814	23496	0.4373	0	12.7785	Arthropoda	98421.0	0
ctg818	4915	0.3115	0	5.8952	Bacteroidota	85555.0	0
ctg817	4091	0.4727	0	163.0431	Arthropoda	213.0	0
ctg822	3993	0.4518	0	178.0403	Arthropoda	213.0	0
ctg824	4954	0.4526	0	4.7148	Arthropoda	8428.0	0
ctg826	3867	0.2221	0	4.1287	no-hit	0.0	0
ctg825	2190	0.4562	0	381.8607	Arthropoda	219.0	0
ctg609	10601	0.609	0	0.0	no-hit	0.0	0
ctg821	4947	0.3814	0	119.6805	Arthropoda	298.0	0
ctg782	3644	0.4092	0	0.0	no-hit	0.0	0
ctg827	2561	0.4506	0	140.7878	Arthropoda	213.0	0
ctg819	3985	0.3508	0	0.0	Arthropoda	8692.0	0
ctg829	2493	0.2078	0	0.4151	no-hit	0.0	0
ctg830	7271	0.4838	0	852.2341	Arthropoda	8102.0	0
ctg828	3852	0.3699	0	157.7699	Arthropoda	259.0	0
ctg834	12109	0.4296	0	0.0122	Arthropoda	3885.0	0
ctg831	7874	0.4917	0	1710.6537	Arthropoda	28564.0	0
ctg833	6731	0.4086	0	93.8022	Arthropoda	25550.0	0
ctg837	11475	0.4909	0	1078.4576	Arthropoda	5478.0	0
ctg823	4504	0.3617	0	0.0328	no-hit	0.0	0
ctg832	19769	0.4717	0	0.157	Arthropoda	19417.0	0
ctg815	8389	0.498	0	943.3002	Arthropoda	12027.0	0
ctg839	19163	0.495	0	858.0826	Arthropoda	6010.0	0
ctg836	25529	0.4445	0	208.5801	Arthropoda	19276.0	0
ctg841	20927	0.2865	0	56.986	no-hit	0.0	0
ctg843	6888	0.4916	0	1090.6548	Arthropoda	5607.0	0
ctg842	37654	0.4321	0	0.0157	Arthropoda	58480.0	0
ctg845	8257	0.3988	0	148.4567	Arthropoda	43941.0	0
ctg848	11424	0.4576	0	450.7886	Arthropoda	222.0	0
ctg835	15803	0.2606	0	0.0655	no-hit	0.0	0
ctg849	10076	0.4645	0	40.2439	Arthropoda	4525.0	0
ctg820	3562	0.3223	0	0.083	no-hit	0.0	0
ctg838	12004	0.4128	0	57.8808	Arthropoda	45736.0	0
ctg846	5596	0.4612	0	244.4903	Arthropoda	10934.0	0
ctg840	21874	0.5063	0	410.8006	Arthropoda	44952.0	0
ctg844	26266	0.5236	0	4909.3146	Arthropoda	45302.0	0
ctg847	31528	0.4417	0	0.8768	Arthropoda	138605.0	0
ctg572	9530	0.2866	0	0.0155	no-hit	0.0	0
ctg650	4130	0.6128	0	863.1774	no-hit	0.0	0
ctg550	23027	0.4461	0	0.0064	no-hit	0.0	0